-30.186, -16.412, 95.404
-31.172, -16.247, 95.404
-32.161, -16.094, 95.014
-33.151, -15.955, 94.588
-34.143, -15.832, 94.121
-35.137, -15.725, 93.611
-36.134, -15.64, 93.611
-37.132, -15.575, 93.053
-38.131, -15.53, 92.443
-39.13, -15.509, 91.779
-40.13, -15.513, 91.057
-41.13, -15.545, 90.273
-42.128, -15.607, 88.957
-43.123, -15.7, 87.518
-44.114, -15.832, 86.055
-45.099, -16.004, 84.566
-46.076, -16.218, 83.051
-47.042, -16.476, 81.508
-47.991, -16.791, 79.935
-48.921, -17.158, 78.33
-49.824, -17.587, 76.692
-50.696, -18.077, 75.19
-51.524, -18.636, 73.482
-52.305, -19.26, 71.991
-53.029, -19.949, 71.189
-53.688, -20.7, 71.066
-54.274, -21.511, 71.356
-54.783, -22.371, 72.273
-55.216, -23.272, 73.661
-55.571, -24.206, 75.343
-55.851, -25.166, 77.154
-56.059, -26.144, 78.964
-56.2, -27.133, 80.681
-56.279, -28.13, 82.244
-56.301, -29.13, 83.624
-56.268, -30.129, 83.012
-56.186, -31.126, 81.468
-56.056, -32.117, 79.894
-55.883, -33.102, 78.288
-55.669, -34.079, 76.649
-55.416, -35.046, 74.974
-55.125, -36.003, 73.261
-54.797, -36.947, 71.506
-54.432, -37.878, 69.708
-54.029, -38.793, 67.862
-53.584, -39.689, 65.964
-53.096, -40.561, 64.01
-52.556, -41.403, 61.995
-51.951, -42.198, 59.912
-51.345, -42.992, 85.986
-50.758, -43.802, 84.496
-50.154, -44.599, 82.98
-49.532, -45.382, 81.435
-48.893, -46.15, 79.86
-48.234, -46.902, 78.254
-47.554, -47.636, 76.614
-46.853, -48.349, 74.938
-46.126, -49.036, 73.224
-45.374, -49.695, 71.468
-44.594, -50.321, 69.669
-43.785, -50.907, 67.822
-42.941, -51.444, 65.923
-42.064, -51.923, 63.968
-41.151, -52.331, 61.952
-40.204, -52.649, 59.867
-39.228, -52.864, 57.709
-38.232, -52.951, 55.466
-37.235, -52.9, 53.345
-36.255, -52.706, 54.074
-35.315, -52.368, 58.29
-34.428, -51.908, 62.583
-33.602, -51.345, 67.405
-32.84, -50.698, 72.246
-32.139, -49.985, 76.751
-31.494, -49.222, 80.729
-30.897, -48.42, 84.119
-30.345, -47.586, 85.598
-29.833, -46.727, 88.157
-29.356, -45.849, 89.255
-28.908, -44.955, 90.246
-28.491, -44.046, 91.94
-28.099, -43.126, 92.663
-27.729, -42.197, 93.312
-27.379, -41.26, 93.897
-27.049, -40.316, 94.424
-26.735, -39.367, 94.898
-26.438, -38.412, 95.326
-26.155, -37.453, 95.713
-25.886, -36.49, 96.062
-25.629, -35.523, 96.377
-25.384, -34.554, 96.663
-25.149, -33.582, 96.858
-24.906, -32.612, 96.383
-24.597, -31.661, 95.056
-24.295, -30.708, 93.711
-24.001, -29.752, 92.346
-23.714, -28.794, 90.96
-23.436, -27.834, 89.553
-23.167, -26.871, 88.123
-22.907, -25.905, 86.67
-22.657, -24.937, 85.192
-22.419, -23.965, 83.688
-22.193, -22.991, 82.157
-21.978, -22.015, 80.596
-21.778, -21.035, 79.005
-21.592, -20.052, 77.381
-21.421, -19.067, 75.722
-21.268, -18.079, 74.025
-21.132, -17.088, 72.289
-21.015, -16.095, 70.511
-20.918, -15.1, 68.686
-20.843, -14.103, 66.811
-20.791, -13.104, 64.883
-20.764, -12.104, 62.895
-20.762, -11.104, 60.842
-20.789, -10.105, 58.718
-20.845, -9.106, 56.514
-20.931, -8.11, 54.22
-21.049, -7.117, 51.825
-21.201, -6.129, 49.314
-21.387, -5.146, 46.668
-21.609, -4.171, 43.862
-21.866, -3.205, 40.865
-22.161, -2.25, 37.629
-22.492, -1.306, 34.087
-22.86, -0.376, 30.132
-23.264, 0.538, 25.573
-23.703, 1.437, 20
-23.868, 1.753, 0
-23.868, 1.753, 0
-33.103, 19.493, 0
endData
127
100
200
-30.186, -16.412, -64.74, -10.291, -56.842, -36.947, -51.708, -42.475
-51.708, -42.475, -45.573, -51.343, -32.191, -64.695, -24.969, -32.806
-24.969, -32.806, -20.19, -18.314, -19.022, -7.375, -23.868, 1.753
#PATH.JERRYIO-DATA {"appVersion":"0.8.3","format":"LemLib v0.5","gc":{"robotWidth":10,"robotHeight":12,"robotIsHolonomic":false,"showRobot":true,"uol":2.54,"pointDensity":1,"controlMagnetDistance":1.968503937007874,"fieldImage":{"displayName":"V5RC 2025 - High Stakes","signature":"V5RC 2025 - High Stakes","origin":{"__type":"built-in"}},"coordinateSystem":"VEX Gaming Positioning System"},"paths":[{"segments":[{"controls":[{"uid":"x4sbzXVrX0","x":-30.18610998622454,"y":-16.412018982567922,"lock":false,"visible":true,"heading":90,"__type":"end-point"},{"uid":"85HPuTOaaI","x":-64.73980731477828,"y":-10.291078312938405,"lock":false,"visible":true,"__type":"control"},{"uid":"NhEGwc4ba6","x":-56.84181935396599,"y":-36.94678768067985,"lock":false,"visible":true,"__type":"control"},{"uid":"qSEuwuTQxl","x":-51.70812717943801,"y":-42.47537925324845,"lock":false,"visible":true,"heading":0,"__type":"end-point"}],"speedProfiles":[],"lookaheadKeyframes":[],"uid":"HQdrQVxeDJ"},{"controls":[{"uid":"qSEuwuTQxl","x":-51.70812717943801,"y":-42.47537925324845,"lock":false,"visible":true,"heading":0,"__type":"end-point"},{"uid":"dW2sOWY9kX","x":-45.57254928762439,"y":-51.342725241724416,"lock":false,"visible":true,"__type":"control"},{"uid":"84LPR5K87m","x":-32.19103391602231,"y":-64.69532120529217,"lock":false,"visible":true,"__type":"control"},{"uid":"juy1d8F2uS","x":-24.969263715475165,"y":-32.805580338138114,"lock":false,"visible":true,"heading":30.599999999999998,"__type":"end-point"}],"speedProfiles":[],"lookaheadKeyframes":[],"uid":"RjWTtDlXg5"},{"controls":[{"uid":"juy1d8F2uS","x":-24.969263715475165,"y":-32.805580338138114,"lock":false,"visible":true,"heading":30.599999999999998,"__type":"end-point"},{"uid":"uh78yIGIp5","x":-20.19015108276014,"y":-18.313746824516127,"lock":false,"visible":true,"__type":"control"},{"uid":"72Clw7uryP","x":-19.021923550318682,"y":-7.374889020746175,"lock":false,"visible":true,"__type":"control"},{"uid":"dP885dMASz","x":-23.867719617574714,"y":1.7533533273003257,"lock":false,"visible":true,"heading":0,"__type":"end-point"}],"speedProfiles":[],"lookaheadKeyframes":[],"uid":"UcctYAl6tU"}],"pc":{"speedLimit":{"minLimit":{"value":0,"label":"0"},"maxLimit":{"value":127,"label":"127"},"step":1,"from":20,"to":100},"bentRateApplicableRange":{"minLimit":{"value":0,"label":"0"},"maxLimit":{"value":1,"label":"1"},"step":0.001,"from":0,"to":0.1},"maxDecelerationRate":127},"name":"Path","uid":"rEaUHv2WcF","lock":false,"visible":true}]}